300
1 30
1 47
1 54
1 92
1 110
1 130
1 134
1 138
1 152
1 260
1 266
1 285
1 296
2 62
2 64
2 98
2 103
2 123
2 127
2 169
2 175
2 184
2 188
2 198
2 255
2 275
3 27
3 39
3 74
3 86
3 89
3 92
3 110
3 155
3 165
3 210
3 211
3 248
3 270
3 294
4 13
4 17
4 30
4 67
4 73
4 119
4 171
4 192
4 228
4 249
4 259
4 265
4 298
5 16
5 48
5 57
5 103
5 112
5 115
5 137
5 146
5 182
5 222
5 238
5 257
6 7
6 14
6 25
6 47
6 55
6 76
6 103
6 109
6 131
6 141
6 163
6 173
6 176
6 186
6 209
6 226
6 283
7 19
7 24
7 32
7 201
7 214
7 247
7 251
7 265
7 278
7 284
7 298
8 14
8 139
8 170
8 175
8 177
8 218
8 235
8 243
8 249
8 296
9 47
9 51
9 67
9 70
9 97
9 129
9 154
9 157
9 160
9 163
9 171
9 200
9 229
9 249
9 252
9 286
9 289
10 31
10 71
10 116
10 168
10 180
10 217
10 255
10 286
11 24
11 31
11 89
11 111
11 112
11 116
11 118
11 119
11 120
11 123
11 126
11 128
11 147
11 149
11 165
11 172
11 199
11 223
11 224
11 252
11 289
12 37
12 43
12 65
12 95
12 106
12 121
12 172
12 183
12 198
12 204
12 213
12 218
12 232
12 259
12 285
12 297
12 298
13 19
13 42
13 59
13 172
13 200
13 216
13 258
13 270
13 274
13 278
13 297
14 59
14 60
14 82
14 86
14 122
14 128
14 159
14 199
14 245
14 276
15 57
15 64
15 69
15 70
15 89
15 101
15 119
15 127
15 167
15 201
15 210
15 236
16 73
16 76
16 100
16 104
16 144
16 167
16 183
16 215
16 218
16 279
17 71
17 82
17 113
17 125
17 175
17 201
17 223
17 229
17 235
17 267
17 274
17 282
18 65
18 125
18 137
18 168
18 169
18 178
18 181
18 188
18 190
18 200
18 209
18 210
18 218
18 225
18 252
18 272
19 32
19 45
19 51
19 53
19 61
19 80
19 105
19 113
19 117
19 207
19 220
19 222
19 227
19 239
19 242
20 22
20 37
20 38
20 70
20 110
20 142
20 154
20 160
20 172
20 204
20 213
20 232
20 237
20 247
20 255
20 294
21 29
21 34
21 35
21 50
21 53
21 113
21 121
21 148
21 189
21 218
21 270
21 274
21 277
21 283
21 289
22 67
22 71
22 105
22 200
22 202
22 211
22 225
22 257
22 261
22 273
22 274
22 275
23 28
23 79
23 82
23 90
23 94
23 149
23 153
23 163
23 236
23 237
23 270
23 278
24 36
24 42
24 71
24 104
24 135
24 139
24 143
24 149
24 153
24 172
24 179
24 182
24 225
24 229
24 230
24 290
24 298
24 299
25 26
25 33
25 43
25 62
25 107
25 129
25 154
25 163
25 174
25 181
25 195
25 217
25 284
25 288
26 37
26 42
26 48
26 55
26 59
26 97
26 98
26 110
26 117
26 119
26 133
26 212
26 232
26 248
26 264
26 291
26 296
27 115
27 160
27 187
27 224
27 230
27 253
27 276
27 283
28 39
28 77
28 78
28 82
28 124
28 134
28 154
28 161
28 252
28 255
28 281
28 298
29 30
29 91
29 157
29 166
29 234
29 237
29 278
29 287
30 85
30 171
30 175
30 181
30 221
31 34
31 117
31 160
31 173
31 180
31 205
31 222
31 264
31 288
31 296
32 39
32 43
32 69
32 93
32 105
32 111
32 130
32 132
32 166
32 182
32 195
32 247
33 34
33 54
33 107
33 119
33 160
33 178
33 253
33 257
33 272
34 57
34 78
34 83
34 98
34 154
34 188
34 194
34 247
34 260
34 276
34 287
35 69
35 75
35 100
35 174
35 200
35 227
35 290
35 299
36 37
36 85
36 87
36 136
36 139
36 147
36 180
36 196
36 200
36 203
36 215
36 285
37 73
37 74
37 78
37 103
37 172
37 193
37 208
37 209
37 218
37 219
37 232
37 246
37 249
38 41
38 63
38 68
38 73
38 75
38 78
38 87
38 116
38 121
38 165
38 166
38 199
38 219
38 222
38 243
38 244
38 257
38 291
39 44
39 46
39 62
39 98
39 104
39 140
39 145
39 163
39 164
39 200
39 220
39 247
39 264
39 280
39 291
40 59
40 62
40 71
40 74
40 79
40 113
40 115
40 117
40 128
40 149
40 176
40 188
40 228
41 55
41 61
41 152
41 241
41 250
41 260
41 293
42 69
42 135
42 145
42 189
42 198
42 222
42 230
42 236
42 245
42 253
42 276
42 282
43 81
43 82
43 105
43 114
43 123
43 184
43 203
43 251
43 263
43 268
43 280
44 60
44 88
44 94
44 105
44 122
44 124
44 145
44 162
44 190
44 212
44 225
44 231
44 235
44 241
45 47
45 127
45 143
45 179
45 257
45 278
45 288
45 290
46 57
46 68
46 80
46 81
46 159
46 169
46 202
46 218
46 241
46 245
46 285
46 298
47 159
47 164
47 177
47 231
48 71
48 74
48 106
48 119
48 124
48 172
48 183
48 194
48 197
48 223
48 237
48 240
48 247
48 255
48 275
48 285
49 57
49 70
49 72
49 87
49 94
49 132
49 138
49 182
49 190
49 219
49 286
49 298
50 60
50 97
50 144
50 163
50 202
50 206
50 222
50 226
50 246
51 68
51 113
51 132
51 145
51 152
51 168
51 172
51 191
51 200
51 218
51 235
51 254
51 283
52 81
52 97
52 128
52 143
52 148
52 150
52 154
52 178
52 216
52 243
52 269
52 279
52 281
53 61
53 70
53 72
53 88
53 146
53 165
53 174
53 228
53 229
53 244
53 246
54 86
54 119
54 123
54 137
54 139
54 142
54 171
54 173
54 188
54 266
55 58
55 73
55 140
55 238
55 270
55 276
55 283
56 80
56 170
56 221
56 230
56 276
57 65
57 99
57 100
57 138
57 139
57 161
57 239
57 262
57 274
58 78
58 93
58 97
58 108
58 114
58 131
58 185
58 192
58 224
58 253
58 271
58 299
59 63
59 67
59 78
59 89
59 106
59 168
59 202
59 243
59 244
59 252
59 263
59 279
59 280
60 70
60 110
60 122
60 148
60 157
60 161
60 170
60 205
60 224
60 229
60 247
60 288
61 68
61 73
61 79
61 82
61 86
61 110
61 119
61 133
61 155
61 222
62 121
62 188
62 190
62 198
62 209
62 216
62 237
62 253
62 268
62 275
62 285
63 71
63 91
63 134
63 202
63 205
63 209
63 229
63 235
63 268
63 270
63 293
63 300
64 124
64 151
64 183
64 209
64 268
64 295
64 298
65 82
65 86
65 99
65 124
65 136
65 158
65 172
65 178
65 180
65 212
65 216
65 241
65 257
65 260
65 277
65 286
66 109
66 110
66 111
66 122
66 236
66 252
66 273
66 291
67 68
67 127
67 134
67 278
67 287
68 88
68 104
68 105
68 117
68 121
68 130
68 151
68 152
68 156
68 166
68 225
68 241
68 256
68 259
68 287
69 71
69 92
69 93
69 141
69 144
69 153
69 180
69 189
69 197
69 201
69 208
69 253
69 261
69 294
70 84
70 91
70 98
70 105
70 154
70 185
70 197
70 200
70 217
70 258
70 266
70 286
70 300
71 100
71 114
71 129
71 152
71 170
71 178
71 204
71 240
71 263
72 84
72 93
72 101
72 127
72 158
72 159
72 191
72 218
72 272
72 294
73 93
73 99
73 133
73 136
73 179
73 223
73 250
73 251
73 256
73 257
74 95
74 142
74 150
74 152
74 177
74 226
74 230
74 240
74 252
74 259
74 275
74 287
75 99
75 111
75 155
75 159
75 190
75 220
75 236
75 246
75 252
75 254
75 297
76 85
76 132
76 137
76 147
76 166
76 167
76 185
76 225
76 250
76 261
76 283
77 81
77 86
77 88
77 127
77 157
77 163
77 174
77 190
77 210
77 253
77 256
77 268
78 91
78 102
78 114
78 131
78 175
78 179
78 194
78 204
78 245
78 280
78 299
79 136
79 140
79 141
79 242
79 261
79 275
79 298
80 82
80 125
80 128
80 139
80 148
80 191
80 219
80 230
80 244
80 272
80 273
81 98
81 115
81 162
81 183
81 190
81 191
81 198
81 273
81 284
81 291
81 292
81 293
81 294
81 299
82 120
82 134
82 153
82 183
82 191
82 220
82 282
83 140
83 153
83 154
83 181
83 188
83 204
83 285
84 105
84 107
84 191
84 211
84 221
84 249
84 268
84 293
85 90
85 102
85 105
85 110
85 190
85 204
85 220
85 221
85 261
85 266
85 281
86 106
86 113
86 139
86 164
86 177
86 254
86 262
86 279
87 91
87 99
87 183
87 185
87 218
88 112
88 214
88 226
88 230
88 240
89 178
89 188
89 194
89 227
89 233
89 241
89 245
89 252
89 257
89 265
90 105
90 135
90 139
90 202
90 206
90 220
90 227
90 271
90 283
91 128
91 134
91 138
91 145
91 152
91 165
91 166
91 182
91 184
91 195
91 253
92 116
92 124
92 143
92 162
92 165
92 189
92 192
92 250
93 110
93 140
93 150
93 159
93 240
93 299
94 97
94 126
94 146
94 161
94 177
94 206
94 245
94 261
94 274
94 283
94 288
95 127
95 140
95 147
95 207
95 208
95 266
95 272
95 275
95 299
96 107
96 131
96 143
96 148
96 255
96 260
96 274
97 194
97 231
97 250
97 255
97 263
97 266
97 296
98 101
98 105
98 119
98 132
98 138
98 153
98 203
98 300
99 115
99 145
99 200
99 207
99 214
99 219
99 225
99 235
99 245
99 250
99 252
99 283
99 292
100 220
100 271
100 280
100 300
101 115
101 152
101 181
101 196
101 217
101 223
101 243
101 269
101 289
102 132
102 141
102 176
102 182
102 197
102 219
102 251
102 263
102 269
103 109
103 111
103 207
103 208
103 211
103 224
103 231
103 249
103 250
103 268
104 144
104 165
104 180
104 203
104 207
104 208
104 218
104 227
104 232
104 235
104 270
105 126
105 136
105 171
105 201
105 213
105 217
105 261
105 271
105 280
105 285
105 289
106 124
106 143
106 173
106 194
106 203
106 208
106 212
106 222
106 227
106 231
106 251
106 271
106 285
107 112
107 126
107 131
107 161
107 184
107 197
107 255
107 268
108 117
108 125
108 133
108 150
108 182
108 188
108 190
108 206
108 248
108 278
109 145
109 146
109 147
109 170
109 233
109 247
109 255
109 275
109 300
110 144
110 213
110 237
110 246
110 255
110 263
110 299
111 146
111 157
111 177
111 182
111 191
111 196
111 226
111 262
111 287
111 293
111 294
112 118
112 126
112 129
112 183
112 184
112 189
112 192
112 216
112 264
112 286
112 294
113 122
113 145
113 149
113 166
113 261
113 274
113 285
113 294
114 169
114 172
114 179
114 182
114 203
114 226
114 248
114 260
114 262
114 266
114 282
114 299
115 121
115 140
115 148
115 167
115 169
115 182
115 202
115 210
115 219
115 231
115 252
115 274
116 119
116 124
116 130
116 144
116 180
116 196
116 198
116 231
116 255
116 257
116 263
116 276
116 282
117 128
117 136
117 188
117 229
117 245
117 276
118 123
118 130
118 177
118 178
118 181
118 197
118 211
118 214
118 228
118 232
118 247
118 275
118 277
118 287
118 293
119 130
119 135
119 147
119 153
119 155
119 156
119 167
119 168
119 207
119 222
119 263
119 268
120 125
120 211
120 219
120 243
120 249
120 266
120 287
121 145
121 161
121 168
121 212
121 213
121 218
121 231
121 268
122 129
122 137
122 153
122 158
122 176
122 191
122 193
122 208
122 228
122 234
122 292
123 160
123 181
123 219
123 227
123 272
124 129
124 133
124 143
124 227
124 280
124 293
124 296
125 130
125 138
125 156
125 198
125 236
125 279
125 291
125 296
126 143
126 156
126 177
126 208
126 236
126 253
126 260
127 129
127 147
127 257
127 259
127 262
128 157
128 163
128 182
128 201
128 203
128 210
128 212
128 295
128 299
129 169
129 206
129 213
129 229
129 236
129 296
129 300
130 154
130 174
130 200
130 241
130 249
130 266
130 267
130 268
130 270
130 281
131 138
131 239
131 279
131 281
132 198
132 220
132 297
133 152
133 197
133 212
133 218
133 237
133 240
133 262
133 269
134 138
134 147
134 205
134 207
134 222
135 144
135 191
135 239
135 293
135 300
136 175
136 217
136 225
136 232
136 239
136 255
136 282
136 287
136 293
137 143
137 153
137 158
137 172
137 214
137 232
137 248
137 259
137 288
138 165
138 167
138 237
138 264
138 266
139 154
139 186
139 187
139 241
139 243
139 267
139 281
139 298
140 151
140 165
140 168
140 199
140 206
140 294
140 298
141 155
141 156
141 242
141 257
141 268
141 286
142 182
142 189
142 200
142 229
142 244
142 272
142 292
143 146
143 161
143 190
143 213
143 250
143 272
143 288
143 293
144 159
144 198
144 204
144 231
144 233
144 270
144 271
144 294
145 150
145 175
145 179
145 182
145 189
145 202
145 219
145 222
145 285
145 291
146 193
146 221
146 256
147 148
147 157
147 160
147 161
147 184
147 205
147 209
147 214
147 249
147 263
147 267
147 277
147 278
147 290
147 297
148 179
148 186
148 202
148 213
148 241
148 255
148 261
148 284
149 181
149 189
149 193
149 197
149 202
149 203
149 215
149 242
149 273
149 282
149 288
149 290
149 297
150 160
150 161
150 163
150 182
150 190
150 192
150 219
150 222
150 259
150 272
151 236
151 271
151 276
151 285
151 288
152 218
152 220
152 260
152 277
153 159
153 169
153 179
153 250
154 165
154 263
154 285
155 157
155 160
155 183
155 207
155 250
155 261
155 297
156 196
156 206
156 209
156 213
156 246
156 253
156 268
156 280
156 289
157 159
157 216
157 229
157 282
157 293
158 159
158 171
158 224
158 229
158 250
158 262
158 264
158 275
158 292
158 300
159 161
159 212
159 217
159 233
159 236
159 246
159 268
159 275
160 173
160 180
160 181
160 190
160 232
160 251
161 167
161 186
161 240
162 229
162 297
163 182
163 240
163 249
163 253
163 273
163 279
163 294
164 181
164 200
164 201
164 204
164 239
164 286
164 293
164 296
165 180
165 209
165 218
165 244
165 285
166 240
166 262
166 266
166 288
167 233
167 287
167 297
168 175
168 221
168 242
168 286
168 293
168 295
169 242
169 260
169 299
170 171
170 187
170 222
170 225
170 270
171 189
171 204
171 211
171 242
171 246
171 268
172 188
172 216
172 298
173 188
173 226
173 285
173 295
174 177
174 265
174 295
174 298
175 210
175 211
175 237
175 239
175 246
175 258
175 291
175 299
176 181
176 198
176 207
176 235
176 255
176 266
176 289
177 191
177 193
177 206
177 213
177 214
177 217
177 227
177 287
178 195
178 249
178 292
179 202
179 212
179 215
179 227
179 253
179 273
179 290
180 254
181 290
182 195
182 214
182 253
182 300
183 192
183 197
183 245
184 208
184 244
184 249
184 280
184 295
185 189
185 195
185 223
185 254
185 270
186 206
186 247
186 250
186 296
187 231
187 248
187 257
188 206
188 219
188 221
188 252
189 195
189 218
189 219
189 241
189 259
189 289
191 225
191 230
191 268
191 271
191 293
191 299
192 224
192 266
192 286
193 196
193 205
193 272
193 288
194 223
194 259
194 273
194 280
194 293
195 211
195 221
195 231
195 245
195 246
195 248
195 284
195 291
196 213
196 286
196 298
197 200
197 219
197 262
197 294
198 233
198 240
199 217
199 230
199 239
199 276
199 283
199 285
199 298
200 217
200 277
201 232
201 239
201 240
201 244
201 247
202 279
203 210
203 263
203 284
204 224
204 227
204 263
204 286
204 292
204 296
205 215
205 244
205 246
205 252
205 289
206 213
206 221
206 242
206 260
206 280
206 300
207 229
207 245
207 273
207 291
208 236
208 248
208 266
209 228
209 249
209 300
210 211
210 214
210 244
210 259
210 276
210 292
210 297
211 232
211 257
211 276
211 296
212 224
212 238
212 253
212 258
212 277
212 280
212 292
213 263
213 291
213 296
214 221
214 233
214 238
214 239
214 283
215 222
215 262
216 222
216 230
216 242
216 276
216 282
217 273
217 281
217 282
217 294
218 246
218 265
219 221
219 231
219 247
219 294
220 228
220 253
220 261
220 267
220 268
220 285
221 232
221 236
221 237
221 241
221 246
221 247
221 271
221 290
222 255
222 259
222 268
222 273
222 280
223 260
223 291
224 260
224 264
224 271
224 278
224 279
224 286
224 289
225 234
225 247
225 251
225 281
225 299
226 262
226 273
227 237
227 241
227 281
229 241
229 279
229 284
229 299
230 284
231 287
232 255
232 293
233 260
233 283
234 242
234 248
234 259
234 263
234 268
234 285
234 286
234 298
235 237
235 257
235 263
235 270
235 291
236 239
236 266
237 259
237 272
237 273
237 294
238 280
238 291
239 254
239 275
240 242
240 247
240 267
240 274
240 288
241 254
241 270
241 299
242 292
242 300
243 264
243 271
245 277
246 253
246 269
247 270
247 280
248 252
248 255
248 267
248 272
250 282
250 292
251 253
251 281
251 289
251 292
251 294
252 297
253 257
253 265
253 267
253 289
253 290
253 291
253 300
254 270
254 272
254 286
254 296
255 261
255 282
255 286
256 259
257 278
257 293
258 285
258 288
259 260
259 283
259 285
260 281
260 292
261 277
262 282
262 283
262 297
264 295
265 277
265 299
267 281
268 298
272 283
272 285
273 294
273 300
274 292
277 297
278 290
278 292
278 299
278 300
280 285
284 296
286 291
291 297
292 299
296 299
